v 0.0000 0.0000 1.0000
v 0.0343 0.0000 -0.9994
v 0.5743 0.4250 0.6997
v -0.1570 0.7610 0.6295
v -0.7037 0.1382 0.6969
v -0.4042 -0.6297 0.6634
v 0.1841 -0.9551 0.2320
v 0.5835 -0.4477 0.6776
v 0.6300 0.7766 0.0078
v -0.1680 0.9802 -0.1044
v -0.8405 0.5406 0.0375
v -0.9642 -0.2604 0.0506
v -0.4794 -0.8640 -0.1538
v 0.7477 -0.6352 -0.1937
v 0.9901 0.0488 0.1313
v 0.2878 0.6716 -0.6828
v -0.5514 0.4866 -0.6776
v -0.6611 -0.2945 -0.6901
v 0.1312 -0.7216 -0.6797
v 0.7654 0.0280 -0.6430
 
f 1 3 4
f 1 3 8
f 1 4 5
f 1 5 6
f 1 6 8
f 2 16 17
f 2 16 20
f 2 17 18
f 2 18 19
f 2 19 20
f 3 4 9
f 3 8 15
f 3 9 15
f 4 5 11
f 4 9 10
f 4 10 11
f 5 6 12
f 5 11 12
f 6 7 8
f 6 7 13
f 6 12 13
f 7 8 14
f 7 13 19
f 7 14 19
f 8 14 15
f 9 10 16
f 9 15 20
f 9 16 20
f 10 11 17
f 10 16 17
f 11 12 17
f 11 12 18
f 11 17 18
f 12 13 18
f 12 17 18
f 13 18 19
f 14 15 20
f 14 19 20
